1	0	0	0	0	0
2	0	0	0	0	0
3	0	0	0	0	0
4	0	0	0	0	0
5	0	0	0	0	0
6	0	0	0	0	0
7	0	0	0	0	0
8	0	0	0	0	0
9	0	0	0	0	0
10	0	0	0	0	0
11	0	0	0	0	0
12	0	0	0	0	0
13	0	0	0	0	0
14	0	0	0	0	0
15	0	0	0	0	0
16	0	0	0	0	0
17	0	0	0	0	0
18	0	0	0	0	0
19	0	0	0	0	0
20	0	0	0	0	0
21	0	0	0	0	0
22	0	0	0	0	0
23	0	0	0	0	0
24	0	0	0	0	0
25	0	0	0	0	0
26	0	0	0	0	0
27	0	0	0	0	0
28	0	0	0	0	0
29	0	0	0	0	0
30	0	0	0	0	0
31	0	0	0	0	0
32	0	1.05956E-8	0	0	5.16982E-9
33	0	1.05956E-8	0	0	5.16982E-9
34	0	1.05956E-8	0	0	5.16982E-9
35	0	1.05956E-8	0	0	5.16982E-9
36	0	1.05956E-8	0	0	5.16982E-9
37	0	1.05956E-8	0	0	5.16982E-9
38	0	1.05956E-8	0	0	5.16982E-9
39	0	1.05956E-8	0	0	5.16982E-9
40	0.00123	0.00119	0.00254	5.34896E-4	0.00126
41	0.00123	0.00119	0.00254	5.34942E-4	0.00126
42	0.00123	0.00119	0.00254	5.34987E-4	0.00126
43	0.00123	0.00119	0.00254	5.35101E-4	0.00126
44	0.00142	0.00145	0.00311	5.52106E-4	0.0015
45	0.00243	0.0027	0.00601	6.48864E-4	0.00271
46	0.00243	0.0027	0.00602	6.49501E-4	0.00271
47	0.00244	0.00272	0.00605	6.50319E-4	0.00273
48	0.03553	0.03914	0.03547	0.0374	0.03771
49	0.03555	0.03917	0.03552	0.0374	0.03773
50	0.03556	0.03918	0.03553	0.0374	0.03774
51	0.0356	0.03919	0.03554	0.03741	0.03776
52	0.06876	0.05484	0.06278	0.05917	0.05886
53	0.06876	0.05484	0.06279	0.05917	0.05887
54	0.06878	0.05485	0.06279	0.05918	0.05887
55	0.06878	0.05485	0.06279	0.05918	0.05888
56	0.06919	0.05518	0.0632	0.05924	0.05916
57	0.06923	0.05523	0.06328	0.05925	0.05921
58	0.06924	0.05524	0.0633	0.05925	0.05922
59	0.06927	0.05526	0.06332	0.05925	0.05924
60	0.07767	0.05948	0.07229	0.07089	0.06642
61	0.07772	0.05952	0.07235	0.0709	0.06646
62	0.07773	0.05953	0.07236	0.0709	0.06646
63	0.07775	0.05954	0.07236	0.0709	0.06647
64	0.07903	0.06016	0.07362	0.07273	0.06755
65	0.08106	0.06088	0.07452	0.07374	0.06854
66	0.08108	0.06089	0.07453	0.07375	0.06855
67	0.0811	0.06089	0.07453	0.07376	0.06855
68	0.09102	0.07485	0.08232	0.0842	0.08024
69	0.09103	0.07486	0.08232	0.08421	0.08024
70	0.09103	0.07486	0.08232	0.08421	0.08024
71	0.09103	0.07486	0.08233	0.08421	0.08024
72	0.09167	0.0752	0.08239	0.08439	0.08054
73	0.09168	0.0752	0.0824	0.0844	0.08055
74	0.09168	0.0752	0.0824	0.0844	0.08055
75	0.09169	0.07521	0.08241	0.0844	0.08056
76	0.10147	0.10983	0.18926	0.09028	0.11659
77	0.10245	0.11213	0.19132	0.09261	0.1187
78	0.13003	0.11455	0.19343	0.10862	0.12742
79	0.13004	0.11456	0.19346	0.10863	0.12744
80	0.1313	0.11544	0.19569	0.11044	0.12878
81	0.13147	0.11578	0.19664	0.11129	0.12931
82	0.13148	0.11579	0.19667	0.1113	0.12933
83	0.13149	0.1158	0.19671	0.1113	0.12934
84	0.13153	0.11584	0.19677	0.11133	0.12938
85	0.13159	0.11591	0.19693	0.11135	0.12945
86	0.13162	0.11594	0.19707	0.11136	0.12949
87	0.13163	0.11596	0.1971	0.11137	0.12951
88	0.13535	0.14099	0.22065	0.16042	0.15701
89	0.13538	0.14194	0.22167	0.16044	0.15764
90	0.13557	0.14454	0.22212	0.16595	0.16025
91	0.13558	0.14455	0.22216	0.16595	0.16027
92	0.13571	0.14559	0.22384	0.16686	0.16126
93	0.13589	0.14846	0.22689	0.16913	0.16367
94	0.13602	0.14857	0.22708	0.16927	0.1638
95	0.13603	0.14859	0.22713	0.1693	0.16383
96	0.15085	0.17139	0.25068	0.19316	0.18594
97	0.15087	0.17141	0.25077	0.19319	0.18598
98	0.15093	0.17147	0.25088	0.19321	0.18604
99	0.15108	0.17149	0.25102	0.19337	0.18613
100	0.19942	0.215	0.25138	0.2116	0.21784
101	0.19943	0.21502	0.25142	0.21161	0.21786
102	0.19947	0.21508	0.25148	0.21165	0.21791
103	0.19955	0.21521	0.25165	0.21167	0.21801
104	0.19961	0.21531	0.25174	0.21171	0.21809
105	0.19969	0.21538	0.2519	0.21175	0.21817
106	0.19972	0.21541	0.25196	0.21177	0.2182
107	0.19977	0.21544	0.25205	0.2118	0.21824
108	0.20003	0.21849	0.25598	0.21209	0.22044
109	0.20008	0.21867	0.25635	0.2122	0.22062
110	0.20031	0.21911	0.25657	0.21227	0.22091
111	0.20034	0.21939	0.25668	0.21228	0.22107
112	0.2012	0.21982	0.2569	0.21282	0.22155
113	0.20123	0.21987	0.25698	0.21286	0.2216
114	0.20167	0.2202	0.25708	0.21313	0.2219
115	0.20172	0.22155	0.25929	0.21316	0.22291
116	0.20196	0.22334	0.26137	0.21336	0.22418
117	0.20198	0.22336	0.26145	0.21338	0.22421
118	0.202	0.2234	0.26155	0.21342	0.22426
119	0.20208	0.224	0.26176	0.21347	0.2246
120	0.20233	0.22497	0.26307	0.21865	0.22649
121	0.20238	0.22505	0.26324	0.2187	0.22657
122	0.2027	0.22531	0.26363	0.219	0.22687
123	0.20284	0.2254	0.26387	0.2191	0.22699
124	0.22787	0.22982	0.26972	0.24498	0.23919
125	0.22796	0.22987	0.26983	0.24506	0.23926
126	0.22799	0.22992	0.2699	0.24508	0.23931
127	0.22811	0.22998	0.27001	0.24516	0.23938
128	0.2285	0.25388	0.27855	0.30094	0.26511
129	0.22892	0.25427	0.27874	0.30116	0.26543
130	0.22931	0.25447	0.27915	0.30132	0.26568
131	0.22934	0.25452	0.27928	0.30136	0.26573
132	0.22942	0.25467	0.27968	0.3015	0.26591
133	0.22945	0.2548	0.27988	0.30157	0.26603
134	0.2295	0.25489	0.2801	0.30164	0.26613
135	0.22968	0.25515	0.2809	0.30178	0.26643
136	0.23121	0.25633	0.2834	0.3037	0.26803
137	0.23134	0.25642	0.28358	0.30377	0.26814
138	0.23138	0.25648	0.28365	0.3038	0.26819
139	0.23144	0.25656	0.28376	0.30383	0.26826
140	0.23224	0.25746	0.2849	0.30433	0.26909
141	0.23228	0.25754	0.28506	0.30437	0.26917
142	0.2323	0.25762	0.28516	0.30439	0.26923
143	0.23234	0.25771	0.28526	0.30442	0.2693
144	0.26688	0.30611	0.31287	0.3435	0.31056
145	0.26694	0.30626	0.31295	0.34356	0.31067
146	0.26724	0.30663	0.31322	0.34369	0.31096
147	0.26729	0.30693	0.31346	0.34377	0.31117
148	0.26819	0.30785	0.31497	0.34539	0.31234
149	0.2682	0.30791	0.31505	0.34541	0.31238
150	0.26831	0.30808	0.31535	0.34553	0.31256
151	0.26841	0.30843	0.31646	0.34557	0.31292
152	0.27317	0.30912	0.31762	0.34812	0.31464
153	0.2732	0.30919	0.31773	0.34827	0.31472
154	0.27321	0.30926	0.31781	0.34829	0.31478
155	0.27324	0.30977	0.31795	0.34836	0.31507
156	0.28286	0.31155	0.32062	0.35379	0.31883
157	0.28289	0.31199	0.32083	0.35395	0.31912
158	0.28292	0.31208	0.32094	0.35399	0.31919
159	0.28296	0.31212	0.32103	0.35403	0.31924
160	0.28646	0.31305	0.32366	0.35731	0.32131
161	0.28649	0.31311	0.32382	0.35735	0.32137
162	0.28652	0.31315	0.32397	0.3574	0.32143
163	0.28772	0.31397	0.32507	0.35815	0.32232
164	0.31904	0.32381	0.33859	0.40485	0.34391
165	0.31905	0.32385	0.33872	0.4049	0.34396
166	0.31909	0.32389	0.33891	0.40499	0.34403
167	0.3191	0.32392	0.33898	0.40547	0.34417
168	0.32374	0.32473	0.33983	0.40802	0.34588
169	0.32375	0.32476	0.33991	0.40804	0.34591
170	0.32377	0.32554	0.34242	0.40845	0.34678
171	0.32391	0.32557	0.34288	0.4088	0.34696
172	0.32396	0.32562	0.34301	0.40887	0.34703
173	0.32398	0.32564	0.34308	0.40888	0.34706
174	0.32399	0.32568	0.34317	0.40889	0.34709
175	0.324	0.3257	0.34323	0.4089	0.34711
176	0.32409	0.32628	0.34337	0.41042	0.34777
177	0.32411	0.32631	0.34344	0.41043	0.3478
178	0.32413	0.32635	0.34355	0.41045	0.34785
179	0.32413	0.32637	0.34362	0.41046	0.34787
180	0.32417	0.32643	0.34372	0.41049	0.34793
181	0.32418	0.32648	0.34381	0.41051	0.34797
182	0.32419	0.32652	0.34388	0.41052	0.34801
183	0.32419	0.32657	0.34398	0.41053	0.34805
184	0.32574	0.32836	0.34578	0.41242	0.34983
185	0.32576	0.32842	0.34589	0.41245	0.34989
186	0.32579	0.32848	0.34596	0.41266	0.34998
187	0.3261	0.3287	0.34635	0.41311	0.35029
188	0.32875	0.33205	0.34867	0.41567	0.35321
189	0.32876	0.33208	0.34914	0.41595	0.35336
190	0.32876	0.33237	0.34921	0.41652	0.35364
191	0.32877	0.3324	0.34929	0.41653	0.35368
192	0.33433	0.33328	0.35071	0.41906	0.35562
193	0.33434	0.3333	0.35076	0.41907	0.35564
194	0.33434	0.33332	0.35082	0.41907	0.35566
195	0.33435	0.33334	0.35087	0.41908	0.35568
196	0.33442	0.33344	0.35102	0.41915	0.35578
197	0.33442	0.33347	0.35113	0.41916	0.35581
198	0.33444	0.3335	0.3512	0.41917	0.35585
199	0.33445	0.33358	0.35127	0.41919	0.3559
200	0.33454	0.33366	0.35144	0.41923	0.35599
201	0.33454	0.33368	0.35149	0.41924	0.356
202	0.3346	0.33374	0.35166	0.41927	0.35608
203	0.33462	0.33377	0.35172	0.41928	0.3561
204	0.33465	0.33381	0.35181	0.41933	0.35616
205	0.33468	0.33385	0.35189	0.41936	0.35619
206	0.33472	0.33389	0.35198	0.41938	0.35624
207	0.33488	0.33397	0.35215	0.41946	0.35634
208	0.33491	0.33403	0.35221	0.41949	0.35639
209	0.33493	0.33405	0.35226	0.4195	0.35642
210	0.33495	0.33408	0.35232	0.41951	0.35644
211	0.33499	0.3341	0.35237	0.41954	0.35647
212	0.33503	0.33414	0.35244	0.41956	0.35651
213	0.33503	0.33416	0.35249	0.41956	0.35653
214	0.33504	0.33419	0.35254	0.41957	0.35656
215	0.33505	0.33422	0.3526	0.41958	0.35658
216	0.33517	0.33456	0.35409	0.41995	0.35708
217	0.33518	0.33458	0.35415	0.41996	0.3571
218	0.33519	0.33461	0.3542	0.41997	0.35713
219	0.3352	0.33463	0.35425	0.41997	0.35715
220	0.33523	0.33466	0.35431	0.42	0.35718
221	0.33523	0.33468	0.35436	0.42001	0.3572
222	0.33523	0.3347	0.3544	0.42001	0.35722
223	0.33532	0.33472	0.35453	0.42011	0.35728
224	0.33534	0.33481	0.35459	0.42023	0.35737
225	0.33535	0.33483	0.35464	0.42024	0.35739
226	0.33536	0.33486	0.35469	0.42024	0.35741
227	0.33536	0.33488	0.35474	0.42025	0.35743
228	0.33555	0.33513	0.35493	0.42044	0.35765
229	0.33556	0.33516	0.35498	0.42045	0.35767
230	0.33556	0.33518	0.35504	0.42045	0.35769
231	0.33558	0.3352	0.3551	0.42047	0.35772
232	0.3356	0.33523	0.35517	0.42049	0.35776
233	0.33561	0.33526	0.35523	0.4205	0.35778
234	0.33562	0.33529	0.35532	0.4205	0.35781
235	0.33562	0.33531	0.35537	0.4205	0.35783
236	0.33564	0.33534	0.35542	0.42052	0.35786
237	0.33565	0.33658	0.35755	0.42123	0.35895
238	0.33566	0.33661	0.35761	0.42124	0.35898
239	0.33569	0.33667	0.35779	0.42126	0.35905
240	0.33938	0.33994	0.36126	0.42542	0.3626
241	0.33939	0.34073	0.36372	0.42543	0.36338
242	0.33944	0.34079	0.36382	0.42547	0.36343
243	0.33946	0.34082	0.36389	0.42548	0.36347
244	0.3396	0.34109	0.36428	0.42569	0.36372
245	0.33961	0.34112	0.36435	0.4257	0.36375
246	0.33963	0.34116	0.36442	0.42571	0.36379
247	0.33964	0.34119	0.36449	0.42571	0.36382
248	0.33966	0.34128	0.36465	0.42574	0.36389
249	0.33967	0.34131	0.36472	0.42576	0.36392
250	0.33969	0.34133	0.36479	0.42576	0.36395
251	0.3397	0.34136	0.36486	0.42577	0.36398
252	0.33971	0.34139	0.36494	0.42579	0.36401
253	0.33972	0.34142	0.36502	0.42579	0.36404
254	0.33975	0.34145	0.3651	0.42581	0.36407
255	0.33975	0.34148	0.36519	0.42582	0.3641
256	0.33987	0.34153	0.36529	0.42591	0.36418
257	0.33987	0.34157	0.36539	0.42591	0.36421
258	0.33988	0.3416	0.36549	0.42592	0.36425
259	0.33989	0.34163	0.36559	0.42593	0.36428
260	0.33991	0.34168	0.3657	0.42594	0.36433
261	0.33991	0.34171	0.36581	0.42594	0.36436
262	0.33992	0.34175	0.36593	0.42596	0.36441
263	0.33993	0.34179	0.36606	0.42596	0.36445
264	0.34004	0.34214	0.36629	0.4269	0.36488
265	0.34005	0.34219	0.36643	0.4269	0.36493
266	0.34007	0.34224	0.36658	0.42693	0.36498
267	0.34008	0.34229	0.36673	0.42696	0.36504
268	0.34017	0.34237	0.36723	0.42704	0.36518
269	0.34018	0.34242	0.3674	0.42705	0.36524
270	0.34019	0.34248	0.3676	0.42708	0.36531
271	0.3402	0.34254	0.36781	0.42709	0.36538
272	0.34022	0.34263	0.36802	0.42721	0.36548
273	0.34026	0.3427	0.36826	0.42727	0.36557
274	0.34028	0.34277	0.36847	0.42729	0.36564
275	0.34031	0.34284	0.36869	0.42733	0.36572
276	0.34036	0.34295	0.36903	0.42738	0.36585
277	0.3404	0.34302	0.36921	0.42741	0.36592
278	0.34043	0.34308	0.36941	0.42743	0.36599
279	0.34044	0.34313	0.36959	0.42745	0.36605
280	0.34046	0.34574	0.37237	0.43903	0.37039
281	0.34048	0.34579	0.37251	0.43905	0.37044
282	0.34049	0.34583	0.37264	0.43906	0.37049
283	0.34049	0.34587	0.37276	0.43906	0.37053
284	0.34051	0.34592	0.37289	0.43908	0.37058
285	0.34053	0.34596	0.373	0.43908	0.37062
286	0.34058	0.34599	0.37312	0.43911	0.37066
287	0.34062	0.34602	0.37324	0.43915	0.37071
288	0.34079	0.34682	0.37354	0.43984	0.37133
289	0.34083	0.34686	0.37366	0.43989	0.37138
290	0.34085	0.34692	0.37378	0.43991	0.37144
291	0.34092	0.34696	0.3739	0.43997	0.3715
292	0.3411	0.34724	0.3742	0.44024	0.37176
293	0.34112	0.34726	0.37429	0.44027	0.3718
294	0.34118	0.34729	0.37441	0.44033	0.37185
295	0.3412	0.34746	0.37492	0.44035	0.37202
296	0.34127	0.34766	0.37506	0.44115	0.37233
297	0.34129	0.34769	0.37514	0.44117	0.37236
298	0.34132	0.34771	0.37521	0.44118	0.37239
299	0.34132	0.34773	0.37528	0.44119	0.37242
300	0.34134	0.34776	0.37535	0.4412	0.37245
301	0.34136	0.34779	0.37542	0.44121	0.37248
302	0.34136	0.34781	0.37549	0.44122	0.3725
303	0.34137	0.34783	0.37556	0.44122	0.37252
304	0.34218	0.34848	0.3765	0.4424	0.37336
305	0.34227	0.3485	0.37657	0.44245	0.3734
306	0.34227	0.34853	0.37664	0.44245	0.37342
307	0.34228	0.34855	0.3767	0.44246	0.37345
308	0.34229	0.34858	0.37677	0.44247	0.37348
309	0.3423	0.3486	0.37683	0.44247	0.3735
310	0.34233	0.34865	0.37692	0.4425	0.37355
311	0.34238	0.34875	0.37705	0.44255	0.37363
312	0.34242	0.34885	0.37722	0.44259	0.37372
313	0.34244	0.34888	0.37729	0.44261	0.37375
314	0.34246	0.34959	0.37735	0.44262	0.37411
315	0.34247	0.34961	0.37741	0.44263	0.37414
316	0.34251	0.34964	0.37747	0.44265	0.37417
317	0.34256	0.34966	0.37754	0.44268	0.37421
318	0.34258	0.34968	0.3776	0.44269	0.37423
319	0.34259	0.3497	0.37765	0.4427	0.37425
320	0.34261	0.34973	0.37771	0.44273	0.37428
321	0.34261	0.34975	0.37777	0.44274	0.37431
322	0.34262	0.34977	0.37782	0.44274	0.37433
323	0.34263	0.34981	0.37788	0.44275	0.37436
324	0.34265	0.34983	0.37794	0.44277	0.37438
325	0.34266	0.34986	0.37799	0.44277	0.37441
326	0.34266	0.34988	0.37805	0.44278	0.37443
327	0.34267	0.3499	0.37811	0.4428	0.37445
328	0.3427	0.34994	0.37818	0.44288	0.3745
329	0.34272	0.34997	0.37824	0.4429	0.37454
330	0.34274	0.35	0.37832	0.44293	0.37457
331	0.34279	0.35004	0.37843	0.443	0.37463
332	0.34299	0.35012	0.37862	0.44316	0.37476
333	0.34301	0.35015	0.37869	0.44319	0.3748
334	0.34302	0.35018	0.37877	0.44321	0.37483
335	0.34303	0.3502	0.37884	0.44322	0.37486
336	0.34308	0.35024	0.37896	0.44325	0.37491
337	0.34322	0.35029	0.37911	0.44332	0.37499
338	0.3435	0.35037	0.37934	0.44345	0.37513
339	0.34358	0.35042	0.37952	0.44349	0.3752
340	0.34368	0.35048	0.37964	0.44356	0.37528
341	0.34383	0.35053	0.37977	0.44364	0.37536
342	0.3439	0.35057	0.37989	0.44367	0.37542
343	0.3439	0.3506	0.37998	0.44368	0.37545
344	0.34392	0.35065	0.38006	0.44372	0.37549
345	0.34393	0.35068	0.38016	0.44373	0.37553
346	0.34395	0.35071	0.38026	0.44375	0.37556
347	0.34395	0.35074	0.38034	0.44375	0.37559
348	0.34397	0.35078	0.38043	0.44376	0.37563
349	0.34397	0.35081	0.38051	0.44377	0.37566
350	0.34398	0.35084	0.3806	0.44377	0.37569
351	0.34399	0.35091	0.38068	0.44379	0.37574
352	0.34421	0.3518	0.38091	0.44614	0.37677
353	0.34431	0.352	0.38109	0.44632	0.37695
354	0.34447	0.35245	0.38138	0.4465	0.37728
355	0.34555	0.35434	0.3825	0.44746	0.37873
356	0.34611	0.35527	0.38315	0.44845	0.37958
357	0.34619	0.35535	0.38328	0.44855	0.37968
358	0.34621	0.35538	0.38335	0.44856	0.37971
359	0.34622	0.3554	0.38341	0.44857	0.37973
360	0.34623	0.35544	0.38349	0.44858	0.37976
361	0.34624	0.35546	0.38355	0.44859	0.37979
362	0.34625	0.35548	0.38362	0.44859	0.37981
363	0.34626	0.35551	0.38368	0.4486	0.37984
364	0.34627	0.35554	0.38376	0.44862	0.37987
365	0.34628	0.35556	0.38383	0.44862	0.37989
366	0.34629	0.35559	0.3839	0.44863	0.37992
367	0.3463	0.35561	0.38397	0.44863	0.37994
368	0.34667	0.35601	0.38434	0.44905	0.38034
369	0.34669	0.35604	0.38441	0.44906	0.38037
370	0.34676	0.35607	0.38448	0.4491	0.38041
371	0.34692	0.35612	0.38461	0.44917	0.38049
372	0.34693	0.35618	0.38473	0.44919	0.38055
373	0.34694	0.3562	0.3848	0.4492	0.38057
374	0.34695	0.35623	0.38487	0.4492	0.3806
375	0.34695	0.35625	0.38494	0.44921	0.38062
376	0.34697	0.35628	0.38502	0.44922	0.38066
377	0.34698	0.35631	0.38508	0.44923	0.38068
378	0.347	0.35634	0.38516	0.44925	0.38071
379	0.34701	0.35636	0.38523	0.44926	0.38074
380	0.34859	0.35784	0.3867	0.45116	0.38233
381	0.3486	0.35787	0.38678	0.45117	0.38236
382	0.34861	0.3579	0.38686	0.45118	0.38239
383	0.34863	0.35793	0.38695	0.4512	0.38242
384	0.34864	0.35797	0.38705	0.45121	0.38246
385	0.34866	0.358	0.38715	0.45122	0.3825
386	0.34868	0.35804	0.38726	0.45124	0.38254
387	0.34869	0.35808	0.38738	0.45125	0.38258
388	0.34871	0.35817	0.38762	0.45126	0.38267
389	0.34872	0.35822	0.38778	0.45127	0.38272
390	0.34873	0.35827	0.38791	0.45128	0.38277
391	0.34874	0.35832	0.38808	0.45129	0.38283
392	0.34876	0.35838	0.38823	0.45131	0.38288
393	0.34876	0.35842	0.38834	0.45132	0.38293
394	0.34877	0.35847	0.38848	0.45132	0.38297
395	0.34878	0.35852	0.38862	0.45133	0.38302
396	0.34881	0.35857	0.38877	0.45136	0.38308
397	0.34882	0.35862	0.38892	0.45136	0.38313
398	0.34884	0.35868	0.38907	0.45137	0.38319
399	0.34886	0.35874	0.38923	0.45139	0.38324
400	0.34888	0.35956	0.38953	0.45446	0.38439
401	0.3489	0.35961	0.3897	0.45447	0.38445
402	0.34894	0.35967	0.38988	0.45449	0.38452
403	0.34896	0.35973	0.39006	0.4545	0.38458
404	0.34898	0.3598	0.39025	0.45453	0.38465
405	0.349	0.35986	0.39044	0.45454	0.38472
406	0.34901	0.35993	0.39063	0.45455	0.38478
407	0.34903	0.36	0.39083	0.45456	0.38485
408	0.34906	0.36008	0.39104	0.45458	0.38493
409	0.34907	0.36016	0.39125	0.45459	0.38501
410	0.34909	0.36023	0.39146	0.4546	0.38508
411	0.34911	0.3603	0.39169	0.45461	0.38515
412	0.34915	0.36039	0.39193	0.45464	0.38524
413	0.34917	0.36047	0.39216	0.45465	0.38532
414	0.34918	0.36055	0.39239	0.45466	0.3854
415	0.3492	0.36063	0.39263	0.45468	0.38549
416	0.34922	0.36099	0.39288	0.45529	0.38584
417	0.34924	0.36108	0.39314	0.45531	0.38593
418	0.34926	0.36116	0.3934	0.45532	0.38602
419	0.34928	0.36125	0.39366	0.45534	0.38611
420	0.3494	0.3615	0.39401	0.45544	0.38632
421	0.34942	0.36159	0.39428	0.45545	0.38641
422	0.34943	0.36168	0.39456	0.45546	0.3865
423	0.34945	0.36177	0.39484	0.45547	0.3866
424	0.34947	0.36187	0.39513	0.45548	0.3867
425	0.34949	0.36197	0.39543	0.45549	0.3868
426	0.34951	0.36207	0.39573	0.4555	0.3869
427	0.34953	0.36217	0.39605	0.45552	0.387
428	0.3497	0.36232	0.3965	0.45561	0.38719
429	0.34975	0.36243	0.39683	0.45565	0.38731
430	0.34978	0.36253	0.39715	0.45567	0.38741
431	0.34982	0.36264	0.39748	0.45569	0.38753
432	0.35012	0.36315	0.39804	0.45613	0.388
433	0.35015	0.36327	0.39838	0.45616	0.38812
434	0.35017	0.36338	0.39873	0.45618	0.38824
435	0.3502	0.3635	0.39908	0.45619	0.38836
436	0.35023	0.36364	0.3995	0.45623	0.38851
437	0.35024	0.36377	0.39987	0.45626	0.38863
438	0.35026	0.36389	0.40025	0.45628	0.38876
439	0.35027	0.36401	0.40062	0.4563	0.38888
440	0.35029	0.36419	0.40109	0.45633	0.38905
441	0.35031	0.36432	0.40148	0.45636	0.38918
442	0.35033	0.36445	0.40188	0.45641	0.38932
443	0.35035	0.36458	0.40228	0.45642	0.38946
444	0.35051	0.36484	0.40287	0.45662	0.38973
445	0.35052	0.36497	0.40328	0.45662	0.38987
446	0.35053	0.36511	0.4037	0.45663	0.39
447	0.35054	0.36524	0.40413	0.45663	0.39013
448	0.35056	0.36545	0.40456	0.45679	0.39034
449	0.35058	0.36559	0.40499	0.45679	0.39048
450	0.35059	0.36574	0.40544	0.4568	0.39062
451	0.35061	0.36588	0.40586	0.45681	0.39076
452	0.35064	0.36602	0.40629	0.45683	0.39091
453	0.35066	0.36616	0.40671	0.45684	0.39105
454	0.35067	0.3663	0.40713	0.45685	0.39118
455	0.35068	0.36643	0.40753	0.45685	0.39131
456	0.3507	0.36657	0.40794	0.45688	0.39145
457	0.35071	0.36671	0.40839	0.45688	0.39159
458	0.35072	0.36776	0.41165	0.45688	0.39261
459	0.35073	0.3684	0.41363	0.45689	0.39323
460	0.35074	0.36852	0.41398	0.4569	0.39335
461	0.35075	0.36862	0.41433	0.45691	0.39346
462	0.35077	0.36872	0.41468	0.45693	0.39357
463	0.35078	0.36882	0.41497	0.45694	0.39366
464	0.3508	0.36893	0.41526	0.45699	0.39377
465	0.35081	0.36902	0.41553	0.45699	0.39386
466	0.35082	0.36911	0.41579	0.45699	0.39394
467	0.35083	0.36919	0.41603	0.457	0.39402
468	0.35094	0.36939	0.41636	0.45713	0.39422
469	0.35095	0.36947	0.4166	0.45713	0.39429
470	0.35096	0.36954	0.41683	0.45713	0.39437
471	0.35097	0.36962	0.41706	0.45714	0.39444
472	0.35099	0.36971	0.41729	0.45716	0.39453
473	0.35099	0.36978	0.4175	0.45717	0.3946
474	0.351	0.36985	0.41772	0.45717	0.39467
475	0.35101	0.36992	0.41793	0.45718	0.39474
476	0.35103	0.37	0.41816	0.45719	0.39482
477	0.35105	0.37007	0.41841	0.45721	0.3949
478	0.35106	0.37014	0.41868	0.45723	0.39498
479	0.35108	0.37023	0.41895	0.45725	0.39507
480	0.3511	0.37031	0.41917	0.45726	0.39515
481	0.3511	0.37038	0.41938	0.45726	0.39522
482	0.35111	0.37045	0.4196	0.45727	0.39529
483	0.35112	0.37052	0.41981	0.45727	0.39536
484	0.35126	0.37078	0.42013	0.45739	0.39558
485	0.35127	0.37085	0.42035	0.4574	0.39565
486	0.35128	0.37092	0.42057	0.4574	0.39572
487	0.3513	0.37099	0.4208	0.45741	0.39579
488	0.35132	0.37107	0.42103	0.45742	0.39588
489	0.35133	0.37115	0.42125	0.45742	0.39595
490	0.35134	0.37122	0.42147	0.45743	0.39602
491	0.35135	0.37129	0.42169	0.45743	0.39609
492	0.35137	0.37137	0.42191	0.45744	0.39617
493	0.35138	0.37144	0.42214	0.45745	0.39624
494	0.35139	0.37151	0.42236	0.45745	0.39631
495	0.35141	0.37159	0.42258	0.45746	0.39639
496	0.35173	0.37201	0.42306	0.45781	0.39679
497	0.35175	0.37208	0.42329	0.45782	0.39687
498	0.35178	0.37216	0.42352	0.45783	0.39694
499	0.3518	0.37224	0.42374	0.45784	0.39702
500	0.35183	0.37231	0.42398	0.45786	0.3971
501	0.35184	0.37239	0.42422	0.45787	0.39718
502	0.35186	0.37247	0.42446	0.45787	0.39726
503	0.35191	0.37255	0.42471	0.45789	0.39735
504	0.35193	0.37264	0.42496	0.4579	0.39744
505	0.35195	0.37272	0.4252	0.45791	0.39752
506	0.35196	0.3728	0.42544	0.45792	0.3976
507	0.35198	0.37288	0.42568	0.45792	0.39768
508	0.35204	0.373	0.426	0.45799	0.39781
509	0.35209	0.37308	0.42625	0.45802	0.3979
510	0.35215	0.37317	0.42651	0.45805	0.398
511	0.35222	0.37328	0.42685	0.45811	0.39813
512	0.3523	0.37339	0.42713	0.45815	0.39825
513	0.35233	0.37348	0.4274	0.45816	0.39834
514	0.35236	0.37357	0.42766	0.45817	0.39843
515	0.35239	0.37366	0.42793	0.45818	0.39852
516	0.35243	0.37376	0.4282	0.4582	0.39862
517	0.35251	0.37385	0.42847	0.45824	0.39872
518	0.35259	0.37394	0.42875	0.45827	0.39883
519	0.35274	0.37405	0.42906	0.45834	0.39896
520	0.3528	0.37424	0.42935	0.45855	0.39916
521	0.35288	0.37433	0.42961	0.45858	0.39926
522	0.353	0.37443	0.42989	0.45864	0.39938
523	0.3531	0.37454	0.43019	0.45869	0.39951
524	0.35317	0.37464	0.43046	0.45873	0.39961
525	0.35319	0.37472	0.43069	0.45873	0.39969
526	0.3532	0.3748	0.43091	0.45874	0.39977
527	0.35322	0.37487	0.43113	0.45874	0.39984
528	0.35324	0.37495	0.43135	0.45876	0.39992
529	0.35325	0.37502	0.43156	0.45876	0.39999
530	0.35326	0.37509	0.43175	0.45876	0.40005
531	0.35328	0.37515	0.43195	0.45877	0.40012
532	0.35331	0.37523	0.43215	0.45879	0.40019
533	0.35332	0.37529	0.43233	0.4588	0.40026
534	0.35333	0.37534	0.43251	0.4588	0.40031
535	0.35335	0.3754	0.43269	0.4588	0.40037
536	0.35342	0.37549	0.43288	0.45888	0.40047
537	0.35343	0.37554	0.43305	0.45889	0.40052
538	0.35344	0.37559	0.43321	0.45889	0.40058
539	0.35345	0.37564	0.43336	0.4589	0.40063
540	0.35348	0.3757	0.43353	0.45893	0.40069
541	0.35349	0.37575	0.43368	0.45893	0.40074
542	0.3535	0.37579	0.43382	0.45894	0.40079
543	0.35351	0.37584	0.43396	0.45894	0.40083
544	0.35353	0.37589	0.43409	0.45896	0.40088
545	0.35354	0.37593	0.43422	0.45896	0.40093
546	0.35355	0.37597	0.43435	0.45897	0.40097
547	0.35356	0.37601	0.43447	0.45897	0.40101
548	0.35368	0.3762	0.43466	0.45907	0.40117
549	0.35368	0.37624	0.43477	0.45907	0.40121
550	0.35369	0.37627	0.43488	0.45907	0.40124
551	0.35369	0.37631	0.43498	0.45908	0.40128
552	0.35371	0.37669	0.43509	0.45982	0.40165
553	0.35371	0.37672	0.43518	0.45982	0.40168
554	0.35372	0.37675	0.43528	0.45983	0.40171
555	0.35373	0.37678	0.43537	0.45983	0.40174
556	0.35374	0.37682	0.43547	0.45984	0.40178
557	0.35375	0.37685	0.43556	0.45984	0.40181
558	0.35375	0.37688	0.43566	0.45985	0.40184
559	0.35377	0.37691	0.43575	0.45986	0.40188
560	0.35399	0.37724	0.43602	0.46011	0.40216
561	0.354	0.37727	0.43611	0.46012	0.4022
562	0.35401	0.3773	0.4362	0.46013	0.40223
563	0.35403	0.37733	0.43628	0.46013	0.40226
564	0.35405	0.37737	0.43637	0.46014	0.4023
565	0.35409	0.3774	0.43646	0.46017	0.40234
566	0.35415	0.37746	0.43663	0.46019	0.40241
567	0.3542	0.3775	0.43672	0.46022	0.40245
568	0.35421	0.37753	0.4368	0.46023	0.40248
569	0.35422	0.37755	0.43687	0.46023	0.4025
570	0.35422	0.37757	0.43694	0.46023	0.40253
571	0.35423	0.3776	0.43701	0.46024	0.40255
572	0.3543	0.37766	0.43714	0.46032	0.40263
573	0.35431	0.37768	0.43721	0.46033	0.40265
574	0.35432	0.3777	0.43727	0.46033	0.40268
575	0.35432	0.37773	0.43734	0.46033	0.4027
576	0.35433	0.37776	0.43742	0.46035	0.40273
577	0.35434	0.37778	0.43748	0.46035	0.40275
578	0.35435	0.37781	0.43754	0.46035	0.40278
579	0.35435	0.37783	0.4376	0.46036	0.4028
580	0.35437	0.37786	0.43767	0.46037	0.40283
581	0.35438	0.37788	0.43773	0.46037	0.40285
582	0.35438	0.3779	0.43779	0.46038	0.40287
583	0.35439	0.37792	0.43785	0.46038	0.40289
584	0.3544	0.37794	0.43791	0.46039	0.40292
585	0.35441	0.37796	0.43797	0.46039	0.40294
586	0.35441	0.37798	0.43802	0.4604	0.40295
587	0.35442	0.378	0.43808	0.4604	0.40297
588	0.35444	0.37803	0.43815	0.46042	0.40301
589	0.35445	0.37805	0.4382	0.46042	0.40303
590	0.35445	0.37806	0.43826	0.46042	0.40304
591	0.35445	0.37809	0.43833	0.46042	0.40307
592	0.35446	0.37812	0.43839	0.46047	0.4031
593	0.35446	0.37813	0.43844	0.46047	0.40312
594	0.35447	0.37815	0.43849	0.46048	0.40314
595	0.35448	0.37817	0.43855	0.46048	0.40316
596	0.35449	0.3782	0.43861	0.46049	0.40318
597	0.35449	0.37821	0.43866	0.4605	0.4032
598	0.35449	0.37823	0.43871	0.4605	0.40322
599	0.3545	0.37825	0.43876	0.4605	0.40324
600	0.35451	0.37827	0.43882	0.46051	0.40326
601	0.35452	0.37829	0.43887	0.46051	0.40328
602	0.35453	0.37831	0.43892	0.46052	0.4033
603	0.35455	0.37833	0.43899	0.46053	0.40333
604	0.35458	0.37836	0.43908	0.46056	0.40336
605	0.35458	0.37838	0.43913	0.46056	0.40338
606	0.35459	0.3784	0.43918	0.46056	0.4034
607	0.35459	0.37843	0.43927	0.46056	0.40343
608	0.3546	0.37846	0.43935	0.46058	0.40346
609	0.35461	0.37849	0.43942	0.46059	0.40349
610	0.35461	0.37851	0.43947	0.46059	0.40351
611	0.35463	0.37853	0.43952	0.4606	0.40353
612	0.35474	0.37872	0.43965	0.4607	0.40368
613	0.35475	0.37873	0.4397	0.46071	0.4037
614	0.35475	0.37875	0.43975	0.46071	0.40371
615	0.35476	0.37877	0.4398	0.46071	0.40373
616	0.3548	0.37881	0.43989	0.46077	0.40379
617	0.3548	0.37883	0.43994	0.46078	0.4038
618	0.3548	0.37885	0.44	0.46078	0.40382
619	0.35481	0.37887	0.44004	0.46078	0.40384
620	0.35483	0.37889	0.44009	0.46079	0.40386
621	0.35483	0.37892	0.44016	0.46081	0.40389
622	0.35487	0.37894	0.44022	0.46082	0.40392
623	0.35488	0.37896	0.44027	0.46083	0.40394
624	0.35512	0.37926	0.4405	0.46105	0.40421
625	0.35513	0.37928	0.44056	0.46105	0.40422
626	0.35513	0.3793	0.4406	0.46105	0.40424
627	0.35514	0.37932	0.44065	0.46106	0.40426
628	0.35515	0.37936	0.44072	0.46107	0.4043
629	0.35518	0.37939	0.44079	0.4611	0.40433
630	0.35531	0.37947	0.44097	0.46129	0.40446
631	0.35539	0.37956	0.44111	0.46139	0.40456
632	0.3554	0.37959	0.44118	0.46141	0.40459
633	0.35541	0.37961	0.44124	0.46141	0.40461
634	0.35541	0.37962	0.44128	0.46141	0.40462
635	0.35542	0.37964	0.44133	0.46142	0.40464
636	0.35543	0.37967	0.44141	0.46143	0.40467
637	0.35543	0.37969	0.44147	0.46143	0.40469
638	0.35543	0.37971	0.44152	0.46143	0.40471
639	0.35543	0.37972	0.44156	0.46143	0.40472
640	0.35544	0.37975	0.44161	0.46144	0.40474
641	0.35545	0.37976	0.44165	0.46144	0.40476
642	0.35545	0.37978	0.4417	0.46145	0.40477
643	0.35545	0.37979	0.44174	0.46145	0.40479
644	0.35546	0.37982	0.4418	0.46145	0.40481
645	0.35547	0.37983	0.44184	0.46146	0.40483
646	0.35547	0.37985	0.44188	0.46146	0.40484
647	0.35548	0.37987	0.44192	0.46146	0.40486
648	0.35549	0.37991	0.44197	0.46157	0.40492
649	0.35549	0.37993	0.44202	0.46157	0.40493
650	0.3555	0.37995	0.44206	0.46158	0.40495
651	0.3555	0.37997	0.44211	0.46158	0.40497
652	0.35551	0.37999	0.44218	0.46159	0.40499
653	0.35551	0.38002	0.44223	0.46159	0.40501
654	0.35551	0.38004	0.44228	0.46159	0.40503
655	0.35551	0.38006	0.44232	0.46159	0.40505
656	0.35554	0.38009	0.4424	0.46161	0.40509
657	0.35554	0.38011	0.44244	0.46162	0.4051
658	0.35554	0.38012	0.44248	0.46162	0.40512
659	0.35555	0.38014	0.44252	0.46162	0.40513
660	0.35555	0.38016	0.44257	0.46163	0.40515
661	0.35556	0.38017	0.44262	0.46164	0.40517
662	0.35556	0.38019	0.44266	0.46164	0.40518
663	0.35557	0.3802	0.4427	0.46164	0.40519
664	0.35559	0.38023	0.44276	0.46167	0.40523
665	0.35559	0.38024	0.4428	0.46167	0.40524
666	0.35559	0.38026	0.44284	0.46168	0.40526
667	0.3556	0.38027	0.44288	0.46168	0.40527
668	0.35561	0.38029	0.44293	0.46169	0.40529
669	0.35561	0.38031	0.44297	0.46169	0.40531
670	0.35561	0.38032	0.44301	0.46169	0.40532
671	0.35562	0.38034	0.44306	0.46169	0.40534
672	0.35563	0.38036	0.44311	0.4617	0.40536
673	0.35563	0.38037	0.44315	0.4617	0.40537
674	0.35563	0.3804	0.44319	0.46171	0.40539
675	0.35564	0.38044	0.44323	0.46172	0.40542
676	0.35568	0.3805	0.44329	0.46176	0.40548
677	0.35568	0.38052	0.44333	0.46176	0.40549
678	0.35568	0.38053	0.44337	0.46176	0.4055
679	0.3557	0.38056	0.44343	0.46176	0.40553
680	0.35572	0.38062	0.44349	0.46188	0.4056
681	0.35572	0.38063	0.44353	0.46188	0.40561
682	0.35572	0.38065	0.44357	0.46188	0.40562
683	0.35577	0.38066	0.4436	0.46191	0.40565
684	0.3558	0.3807	0.44371	0.46193	0.40569
685	0.35583	0.38072	0.44376	0.46195	0.40572
686	0.35584	0.38073	0.4438	0.46195	0.40573
687	0.35594	0.38075	0.44385	0.46197	0.40577
688	0.35616	0.38147	0.44405	0.46321	0.40645
689	0.35618	0.38148	0.4441	0.46322	0.40647
690	0.35618	0.3815	0.44414	0.46322	0.40649
691	0.35623	0.38152	0.44417	0.46323	0.40651
692	0.35626	0.38154	0.44422	0.46323	0.40654
693	0.35627	0.38156	0.44427	0.46324	0.40656
694	0.35627	0.38157	0.44431	0.46324	0.40657
695	0.35627	0.38159	0.44435	0.46324	0.40658
696	0.35628	0.38165	0.44448	0.46325	0.40664
697	0.35629	0.38167	0.44452	0.46325	0.40665
698	0.35629	0.38168	0.44456	0.46325	0.40667
699	0.3563	0.3817	0.4446	0.46326	0.40668
700	0.35633	0.38172	0.44466	0.46327	0.40671
701	0.35633	0.38174	0.44471	0.46327	0.40673
702	0.35634	0.38175	0.44475	0.46327	0.40674
703	0.35635	0.38177	0.44479	0.46327	0.40676
704	0.35636	0.38198	0.44484	0.46374	0.40698
705	0.35637	0.382	0.44487	0.46375	0.40699
706	0.35639	0.38202	0.44493	0.46375	0.40701
707	0.35639	0.38203	0.44497	0.46375	0.40703
708	0.3564	0.38205	0.44501	0.46376	0.40705
709	0.35641	0.38206	0.44505	0.46376	0.40706
710	0.35641	0.38208	0.44509	0.46376	0.40707
711	0.35643	0.38209	0.44513	0.46377	0.40709
712	0.35644	0.38211	0.44517	0.46378	0.40711
713	0.35644	0.38212	0.44521	0.46378	0.40712
714	0.35646	0.38214	0.44526	0.46378	0.40714
715	0.35647	0.38215	0.4453	0.46379	0.40716
716	0.3565	0.38217	0.44534	0.46381	0.40718
717	0.35651	0.38219	0.44539	0.46381	0.4072
718	0.35654	0.38221	0.44544	0.46381	0.40722
719	0.35654	0.38223	0.44548	0.46382	0.40724
720	0.35656	0.38228	0.44553	0.4639	0.40729
721	0.35657	0.3823	0.44558	0.46391	0.40731
722	0.35657	0.38232	0.44563	0.46391	0.40733
723	0.35725	0.38274	0.44618	0.46429	0.4078
724	0.35727	0.38279	0.44632	0.4643	0.40785
725	0.35727	0.38281	0.44636	0.46431	0.40786
726	0.35728	0.38283	0.44643	0.46431	0.40789
727	0.35728	0.38284	0.44647	0.46431	0.4079
728	0.3573	0.38287	0.44654	0.46432	0.40793
729	0.3573	0.38288	0.44658	0.46433	0.40794
730	0.35731	0.38291	0.44667	0.46433	0.40797
731	0.35731	0.38292	0.4467	0.46433	0.40798
732	0.35732	0.38295	0.44676	0.46434	0.40801
733	0.35733	0.38296	0.4468	0.46434	0.40802
734	0.35733	0.38297	0.44683	0.46435	0.40803
735	0.35733	0.38298	0.44687	0.46435	0.40804
736	0.35734	0.383	0.44692	0.46436	0.40807
737	0.35735	0.38302	0.44696	0.46436	0.40808
738	0.35735	0.38303	0.447	0.46436	0.40809
739	0.35735	0.38304	0.44704	0.46437	0.40811
740	0.35741	0.38313	0.44712	0.46442	0.40818
741	0.35741	0.38315	0.44716	0.46442	0.4082
742	0.35742	0.38316	0.4472	0.46442	0.40821
743	0.35742	0.38317	0.44723	0.46442	0.40822
744	0.35743	0.3832	0.44727	0.46445	0.40825
745	0.35743	0.38321	0.44732	0.46445	0.40826
746	0.35744	0.38323	0.44736	0.46445	0.40828
747	0.35744	0.38324	0.4474	0.46445	0.40829
748	0.35745	0.38326	0.44744	0.46446	0.40831
749	0.35745	0.38327	0.44748	0.46447	0.40832
750	0.35745	0.38329	0.44751	0.46447	0.40833
751	0.35746	0.3833	0.44756	0.46448	0.40835
752	0.36223	0.38414	0.44822	0.46697	0.41005
753	0.36225	0.38416	0.44827	0.467	0.41008
754	0.36226	0.38418	0.44831	0.467	0.41009
755	0.36226	0.38419	0.44835	0.46701	0.4101
756	0.36227	0.38421	0.44839	0.46701	0.41012
757	0.36227	0.38422	0.44843	0.46702	0.41014
758	0.36227	0.38423	0.44847	0.46702	0.41015
759	0.36227	0.38424	0.4485	0.46702	0.41016
760	0.36228	0.38426	0.44855	0.46703	0.41018
761	0.36229	0.38428	0.44859	0.46703	0.4102
762	0.36229	0.38429	0.44863	0.46703	0.41021
763	0.36229	0.3843	0.44866	0.46704	0.41022
764	0.3623	0.38432	0.44871	0.46704	0.41024
765	0.3623	0.38434	0.44875	0.46705	0.41025
766	0.3623	0.38435	0.44878	0.46705	0.41027
767	0.36231	0.38436	0.44882	0.46705	0.41028
768	0.36231	0.38438	0.44887	0.46706	0.4103
769	0.36232	0.3844	0.44891	0.46706	0.41031
770	0.36232	0.38441	0.44894	0.46706	0.41033
771	0.36232	0.38442	0.44898	0.46707	0.41034
772	0.36233	0.38444	0.44902	0.46707	0.41036
773	0.36233	0.38445	0.44906	0.46708	0.41037
774	0.36234	0.38447	0.4491	0.46708	0.41038
775	0.36234	0.38448	0.44914	0.46708	0.4104
776	0.36235	0.3845	0.44918	0.46709	0.41042
777	0.36235	0.38451	0.44922	0.46709	0.41043
778	0.36235	0.38452	0.44926	0.46709	0.41044
779	0.36236	0.38454	0.4493	0.46709	0.41046
780	0.36238	0.38456	0.44935	0.46711	0.41048
781	0.36238	0.38457	0.44939	0.46711	0.41049
782	0.36238	0.38458	0.44942	0.46712	0.41051
783	0.36238	0.3846	0.44946	0.46712	0.41052
784	0.36239	0.3848	0.44951	0.46713	0.41063
785	0.36239	0.38482	0.44955	0.46713	0.41064
786	0.3624	0.38483	0.44959	0.46713	0.41066
787	0.3624	0.38485	0.44963	0.46713	0.41067
788	0.36241	0.38487	0.44969	0.46715	0.4107
789	0.36241	0.38489	0.44974	0.46716	0.41072
790	0.36242	0.38491	0.44979	0.46717	0.41074
791	0.36242	0.38492	0.44984	0.46717	0.41075
792	0.3625	0.38548	0.44997	0.46723	0.41107
793	0.36251	0.38549	0.45001	0.46723	0.41108
794	0.36251	0.3855	0.45005	0.46723	0.41109
795	0.36251	0.38552	0.45009	0.46723	0.41111
796	0.36252	0.38553	0.45013	0.46724	0.41113
797	0.36252	0.38555	0.45017	0.46724	0.41114
798	0.36253	0.38556	0.45021	0.46725	0.41115
799	0.36253	0.38557	0.45025	0.46725	0.41117
800	0.36254	0.3856	0.45029	0.46728	0.41119
801	0.36255	0.38561	0.45033	0.46728	0.41121
802	0.36255	0.38563	0.45037	0.46728	0.41122
803	0.36256	0.38564	0.45041	0.46729	0.41123
804	0.36262	0.3857	0.45048	0.46733	0.4113
805	0.36262	0.38572	0.45052	0.46734	0.41131
806	0.36263	0.38573	0.45056	0.46734	0.41132
807	0.36263	0.38574	0.45059	0.46734	0.41134
808	0.36264	0.38576	0.45064	0.46735	0.41136
809	0.36264	0.38578	0.45068	0.46735	0.41137
810	0.36264	0.38579	0.45072	0.46736	0.41138
811	0.36265	0.3858	0.45076	0.46736	0.4114
812	0.36265	0.38583	0.4508	0.46737	0.41142
813	0.36266	0.38584	0.45084	0.46737	0.41143
814	0.36266	0.38585	0.45088	0.46737	0.41144
815	0.36266	0.38586	0.45092	0.46737	0.41146
816	0.36274	0.38609	0.45104	0.46786	0.41171
817	0.36274	0.3861	0.45108	0.46786	0.41172
818	0.36274	0.38612	0.45112	0.46786	0.41173
819	0.36275	0.38613	0.45116	0.46787	0.41175
820	0.36276	0.38615	0.45122	0.46788	0.41177
821	0.36277	0.38617	0.45126	0.46789	0.41179
822	0.36277	0.38619	0.45132	0.46789	0.41181
823	0.36278	0.38621	0.45137	0.46789	0.41183
824	0.36279	0.38623	0.45142	0.4679	0.41185
825	0.36279	0.38624	0.45146	0.46791	0.41186
826	0.36279	0.38626	0.4515	0.46791	0.41188
827	0.3628	0.38627	0.45154	0.46791	0.41189
828	0.36281	0.38629	0.45158	0.46792	0.41191
829	0.36281	0.38631	0.45163	0.46792	0.41193
830	0.36282	0.38632	0.45167	0.46792	0.41194
831	0.36282	0.38633	0.45171	0.46793	0.41196
832	0.36283	0.38647	0.45176	0.46843	0.41214
833	0.36283	0.38648	0.4518	0.46843	0.41216
834	0.36284	0.38651	0.45184	0.46843	0.41218
835	0.36284	0.38652	0.45188	0.46844	0.41219
836	0.36286	0.38654	0.45193	0.46845	0.41221
837	0.36286	0.38655	0.45198	0.46845	0.41223
838	0.36286	0.38657	0.45202	0.46845	0.41224
839	0.36287	0.38658	0.45206	0.46846	0.41226
840	0.36287	0.38661	0.45215	0.46846	0.41229
841	0.36288	0.38667	0.45231	0.46847	0.41234
842	0.36288	0.38668	0.45235	0.46847	0.41235
843	0.36289	0.38669	0.45239	0.46847	0.41237
844	0.36291	0.38671	0.45244	0.46848	0.41239
845	0.36291	0.38673	0.45249	0.46849	0.41241
846	0.36292	0.38674	0.45253	0.46849	0.41242
847	0.36293	0.38676	0.45257	0.4685	0.41244
848	0.36294	0.38677	0.45262	0.4685	0.41246
849	0.36294	0.38679	0.45266	0.46851	0.41247
850	0.36294	0.3868	0.4527	0.46851	0.41249
851	0.36295	0.38682	0.45274	0.46851	0.4125
852	0.36295	0.38688	0.45287	0.46852	0.41255
853	0.36295	0.38689	0.4529	0.46852	0.41257
854	0.36296	0.38691	0.45294	0.46852	0.41258
855	0.36296	0.38692	0.45299	0.46852	0.41259
856	0.36296	0.38694	0.45303	0.46853	0.41261
857	0.36297	0.38695	0.45307	0.46853	0.41262
858	0.36297	0.38697	0.45311	0.46853	0.41264
859	0.36297	0.38698	0.45315	0.46854	0.41265
860	0.36316	0.38719	0.45361	0.46857	0.41285
861	0.36316	0.3872	0.45365	0.46857	0.41287
862	0.36316	0.38721	0.45369	0.46857	0.41288
863	0.36316	0.38722	0.45372	0.46857	0.41289
864	0.36317	0.38725	0.45377	0.46858	0.41291
865	0.36317	0.38726	0.45381	0.46858	0.41293
866	0.36317	0.38727	0.45385	0.46858	0.41294
867	0.36318	0.38728	0.45389	0.46858	0.41295
868	0.36323	0.38738	0.45397	0.46863	0.41303
869	0.36324	0.38739	0.454	0.46864	0.41304
870	0.36324	0.3874	0.45404	0.46864	0.41306
871	0.36325	0.38742	0.45408	0.46864	0.41307
872	0.36326	0.38744	0.45412	0.46865	0.41309
873	0.36326	0.38745	0.45417	0.46866	0.4131
874	0.36326	0.38746	0.45421	0.46866	0.41312
875	0.36326	0.38748	0.45425	0.46866	0.41313
876	0.36328	0.3875	0.4543	0.46868	0.41315
877	0.36328	0.38751	0.45434	0.46868	0.41317
878	0.36328	0.38752	0.45438	0.46868	0.41318
879	0.36328	0.38753	0.45442	0.46868	0.41319
880	0.36336	0.38961	0.45453	0.47494	0.41565
881	0.36336	0.38962	0.45457	0.47494	0.41567
882	0.36336	0.38963	0.45461	0.47495	0.41568
883	0.36337	0.38965	0.45465	0.47495	0.41569
884	0.36337	0.38966	0.45469	0.47496	0.41571
885	0.36337	0.38968	0.45473	0.47496	0.41572
886	0.36338	0.38969	0.45478	0.47496	0.41574
887	0.36338	0.38971	0.45482	0.47496	0.41575
888	0.36339	0.38973	0.45487	0.47497	0.41577
889	0.36341	0.38975	0.45492	0.475	0.4158
890	0.36341	0.38976	0.45495	0.47501	0.41582
891	0.36341	0.38977	0.45499	0.47501	0.41583
892	0.36342	0.38979	0.45504	0.47502	0.41585
893	0.36342	0.3898	0.45508	0.47502	0.41586
894	0.36342	0.38982	0.45511	0.47502	0.41587
895	0.36343	0.38983	0.45515	0.47502	0.41589
896	0.36344	0.39033	0.4552	0.47653	0.41648
897	0.36344	0.39034	0.45524	0.47654	0.4165
898	0.36344	0.39036	0.45529	0.47654	0.41651
899	0.36344	0.39037	0.45533	0.47654	0.41652
900	0.36346	0.39039	0.45539	0.47655	0.41655
901	0.36346	0.39041	0.45543	0.47656	0.41656
902	0.36347	0.39042	0.45547	0.47656	0.41658
903	0.36347	0.39043	0.45551	0.47656	0.41659
904	0.36347	0.39045	0.45556	0.47657	0.41661
905	0.36348	0.39046	0.4556	0.47657	0.41662
906	0.36348	0.39048	0.45564	0.47657	0.41664
907	0.36348	0.39049	0.45568	0.47658	0.41665
908	0.36349	0.39051	0.45572	0.47658	0.41667
909	0.36349	0.39052	0.45576	0.47658	0.41668
910	0.3635	0.39053	0.4558	0.47659	0.41669
911	0.3635	0.39054	0.45584	0.47659	0.41671
912	0.3635	0.39056	0.45589	0.47659	0.41672
913	0.36351	0.39058	0.45593	0.4766	0.41674
914	0.36351	0.39059	0.45597	0.4766	0.41675
915	0.36351	0.3906	0.45601	0.4766	0.41676
916	0.36352	0.39062	0.45605	0.47661	0.41678
917	0.36352	0.39063	0.45609	0.47661	0.4168
918	0.36352	0.39064	0.45613	0.47661	0.41681
919	0.36352	0.39066	0.45617	0.47661	0.41682
920	0.36353	0.39067	0.45622	0.47662	0.41684
921	0.36353	0.39069	0.45625	0.47662	0.41685
922	0.36353	0.3907	0.45629	0.47662	0.41686
923	0.36353	0.39071	0.45633	0.47662	0.41688
924	0.36356	0.39074	0.45639	0.47665	0.41691
925	0.36356	0.39075	0.45643	0.47665	0.41692
926	0.36357	0.39076	0.45647	0.47666	0.41694
927	0.36357	0.39078	0.45651	0.47666	0.41695
928	0.36359	0.3908	0.45657	0.47669	0.41698
929	0.36359	0.39082	0.45661	0.47669	0.41699
930	0.36359	0.39083	0.45665	0.47669	0.41701
931	0.36359	0.39084	0.45669	0.47669	0.41702
932	0.36362	0.3909	0.45675	0.47673	0.41707
933	0.36363	0.39091	0.45679	0.47673	0.41708
934	0.36363	0.39093	0.45683	0.47673	0.4171
935	0.36363	0.39094	0.45687	0.47673	0.41711
936	0.36364	0.39096	0.45691	0.47674	0.41713
937	0.36364	0.39097	0.45695	0.47675	0.41714
938	0.36365	0.39098	0.45699	0.47675	0.41715
939	0.36366	0.391	0.45703	0.47676	0.41717
940	0.36368	0.39101	0.45708	0.47677	0.41719
941	0.36368	0.39103	0.45712	0.47677	0.41721
942	0.36369	0.39104	0.45716	0.47677	0.41722
943	0.36369	0.39106	0.4572	0.47678	0.41723
944	0.36377	0.39114	0.4573	0.47685	0.41732
945	0.36377	0.39115	0.45734	0.47685	0.41733
946	0.36377	0.39116	0.45738	0.47686	0.41734
947	0.36377	0.39117	0.45742	0.47686	0.41735
948	0.36378	0.39119	0.45746	0.47686	0.41737
949	0.36378	0.3912	0.4575	0.47687	0.41738
950	0.36378	0.39122	0.45754	0.47687	0.4174
951	0.36378	0.39123	0.45757	0.47687	0.41741
952	0.36379	0.39125	0.45762	0.47688	0.41743
953	0.36379	0.39126	0.45766	0.47688	0.41744
954	0.36379	0.39127	0.45769	0.47688	0.41745
955	0.3638	0.39129	0.45773	0.47688	0.41747
956	0.3638	0.3913	0.45778	0.47689	0.41748
957	0.36381	0.39132	0.45781	0.47689	0.4175
958	0.36381	0.39133	0.45785	0.47689	0.41751
959	0.36381	0.39134	0.45789	0.47689	0.41752
960	0.36382	0.39136	0.45794	0.4769	0.41754
961	0.36382	0.39137	0.45798	0.4769	0.41756
962	0.36382	0.39139	0.45802	0.4769	0.41757
963	0.36383	0.3914	0.45805	0.47691	0.41758
964	0.36384	0.39142	0.4581	0.47692	0.4176
965	0.36384	0.39143	0.45814	0.47692	0.41761
966	0.36385	0.39144	0.45817	0.47692	0.41763
967	0.36385	0.39146	0.45821	0.47692	0.41764
968	0.36386	0.39151	0.45837	0.47693	0.41769
969	0.36395	0.39153	0.45842	0.47694	0.41773
970	0.36395	0.39155	0.45846	0.47695	0.41774
971	0.36395	0.39156	0.4585	0.47695	0.41775
972	0.36396	0.39158	0.45854	0.47695	0.41777
973	0.36396	0.39159	0.45858	0.47695	0.41778
974	0.36397	0.3916	0.45862	0.47696	0.4178
975	0.36397	0.39161	0.45866	0.47696	0.41781
976	0.36414	0.39166	0.45873	0.47699	0.41787
977	0.36415	0.39167	0.45876	0.47699	0.41788
978	0.36415	0.39168	0.4588	0.47699	0.41789
979	0.36415	0.39169	0.45883	0.47699	0.41791
980	0.36416	0.39171	0.45888	0.477	0.41792
981	0.36416	0.39172	0.45892	0.477	0.41794
982	0.36416	0.39173	0.45896	0.477	0.41795
983	0.36417	0.39174	0.459	0.47701	0.41796
984	0.36418	0.39176	0.45904	0.47701	0.41798
985	0.36418	0.39177	0.45907	0.47702	0.41799
986	0.36418	0.39179	0.45911	0.47702	0.418
987	0.36418	0.3918	0.45915	0.47702	0.41802
988	0.36419	0.39181	0.45919	0.47702	0.41803
989	0.36419	0.39183	0.45922	0.47703	0.41805
990	0.3642	0.39184	0.45926	0.47703	0.41806
991	0.3642	0.39185	0.4593	0.47703	0.41807
992	0.3642	0.39187	0.45934	0.47704	0.41809
993	0.36421	0.39188	0.45938	0.47704	0.4181
994	0.36421	0.39189	0.45942	0.47704	0.41811
995	0.36421	0.3919	0.45945	0.47704	0.41812
996	0.36427	0.392	0.45953	0.47709	0.4182
997	0.36427	0.39201	0.45956	0.4771	0.41821
998	0.36427	0.39202	0.4596	0.4771	0.41822
999	0.36427	0.39203	0.45964	0.4771	0.41824
1000	0.36428	0.39206	0.45968	0.47714	0.41827
1001	0.36428	0.39207	0.45971	0.47714	0.41828
1002	0.36429	0.39208	0.45975	0.47714	0.41829
1003	0.36429	0.39209	0.45978	0.47714	0.4183
1004	0.3643	0.39211	0.45982	0.47715	0.41832
1005	0.3643	0.39212	0.45986	0.47715	0.41833
1006	0.3643	0.39213	0.45989	0.47715	0.41834
1007	0.3643	0.39214	0.45993	0.47715	0.41835
1008	0.36438	0.39223	0.46003	0.47724	0.41844
1009	0.36439	0.39224	0.46006	0.47724	0.41845
1010	0.36439	0.39225	0.4601	0.47724	0.41846
1011	0.36439	0.39226	0.46013	0.47724	0.41847
1012	0.3644	0.39228	0.46017	0.47725	0.41849
1013	0.3644	0.39229	0.4602	0.47725	0.4185
1014	0.36441	0.39231	0.46024	0.47725	0.41852
1015	0.36441	0.39232	0.46027	0.47726	0.41853
1016	0.36442	0.39233	0.46031	0.47726	0.41854
1017	0.36442	0.39235	0.46035	0.47726	0.41856
1018	0.36443	0.39236	0.46039	0.47727	0.41857
1019	0.36444	0.39237	0.46042	0.47728	0.41858
1020	0.36446	0.39238	0.46046	0.4773	0.41861
1021	0.36446	0.3924	0.46049	0.4773	0.41862
1022	0.36447	0.39241	0.46053	0.4773	0.41863
1023	0.36447	0.39242	0.46056	0.4773	0.41864
1024	0.36448	0.39243	0.4606	0.47731	0.41865
1025	0.36448	0.39245	0.46064	0.47731	0.41867
1026	0.36449	0.39246	0.46068	0.47731	0.41868
1027	0.36449	0.39247	0.46071	0.47732	0.4187
1028	0.3645	0.39249	0.46076	0.47732	0.41871
1029	0.3645	0.3925	0.4608	0.47733	0.41873
1030	0.3645	0.39251	0.46083	0.47733	0.41874
1031	0.36451	0.39252	0.46087	0.47733	0.41875
1032	0.36452	0.39254	0.46091	0.47734	0.41877
1033	0.36452	0.39255	0.46095	0.47734	0.41878
1034	0.36453	0.39257	0.46098	0.47734	0.41879
1035	0.36453	0.39258	0.46102	0.47734	0.41881
1036	0.36454	0.3926	0.46107	0.47735	0.41883
1037	0.36454	0.39261	0.4611	0.47735	0.41884
1038	0.36454	0.39262	0.46113	0.47735	0.41885
1039	0.36455	0.39263	0.46117	0.47736	0.41886
1040	0.36456	0.39265	0.46121	0.47737	0.41888
1041	0.36456	0.39267	0.46125	0.47737	0.4189
1042	0.36457	0.39268	0.46128	0.47737	0.41891
1043	0.36457	0.39269	0.46132	0.47738	0.41892
1044	0.36459	0.39271	0.46137	0.47739	0.41894
1045	0.36459	0.39272	0.46141	0.47739	0.41895
1046	0.36459	0.39273	0.46144	0.47739	0.41896
1047	0.36459	0.39274	0.46147	0.47739	0.41898
1048	0.3646	0.39276	0.46151	0.4774	0.419
1049	0.36465	0.3928	0.4616	0.47748	0.41905
1050	0.36466	0.39281	0.46163	0.47748	0.41906
1051	0.36466	0.39283	0.46167	0.47748	0.41908
1052	0.36468	0.39285	0.46172	0.47751	0.4191
1053	0.36469	0.39286	0.46175	0.47751	0.41911
1054	0.36469	0.39287	0.46178	0.47751	0.41913
1055	0.36469	0.39288	0.46182	0.47751	0.41914
1056	0.3647	0.3929	0.46185	0.47752	0.41916
1057	0.3647	0.39292	0.46189	0.47752	0.41917
1058	0.36471	0.39293	0.46192	0.47752	0.41918
1059	0.36471	0.39294	0.46196	0.47752	0.41919
1060	0.36474	0.393	0.46204	0.47755	0.41925
1061	0.36474	0.39302	0.46208	0.47755	0.41926
1062	0.36474	0.39303	0.46212	0.47755	0.41927
1063	0.36474	0.39304	0.46216	0.47756	0.41928
1064	0.36475	0.39306	0.46219	0.47756	0.4193
1065	0.36476	0.39307	0.46223	0.47756	0.41931
1066	0.36476	0.39308	0.46227	0.47757	0.41932
1067	0.36476	0.39309	0.4623	0.47757	0.41934
1068	0.6933	0.79243	0.73508	0.80997	0.77467
1069	0.69351	0.79248	0.73517	0.80999	0.77474
1070	0.69351	0.79249	0.7352	0.80999	0.77475
1071	0.69351	0.7925	0.73524	0.80999	0.77476
1072	0.69662	0.79413	0.73839	0.81444	0.77745
1073	0.69662	0.79414	0.73842	0.81444	0.77747
1074	0.69662	0.79415	0.73846	0.81445	0.77748
1075	0.69663	0.79416	0.73849	0.81445	0.77749
1076	0.69694	0.79422	0.7386	0.81449	0.77759
1077	0.69694	0.79423	0.73863	0.81449	0.7776
1078	0.69695	0.79424	0.73866	0.81449	0.77761
1079	0.69695	0.79425	0.7387	0.81449	0.77762
1080	0.69695	0.79427	0.73873	0.8145	0.77763
1081	0.69695	0.79428	0.73876	0.8145	0.77764
1082	0.69696	0.79429	0.7388	0.8145	0.77765
1083	0.69696	0.7943	0.73883	0.8145	0.77766
1084	0.69696	0.79432	0.73887	0.81451	0.77768
1085	0.69696	0.79433	0.73891	0.81451	0.7777
1086	0.69696	0.79436	0.73897	0.81455	0.77773
1087	0.69696	0.79437	0.739	0.81455	0.77774
1088	0.69698	0.7944	0.73905	0.81456	0.77776
1089	0.69698	0.79441	0.73909	0.81456	0.77777
1090	0.69698	0.79442	0.73912	0.81456	0.77778
1091	0.69698	0.79443	0.73915	0.81456	0.7778
1092	0.69698	0.79444	0.73919	0.81456	0.77781
1093	0.69699	0.79445	0.73922	0.81456	0.77782
1094	0.69699	0.79446	0.73925	0.81457	0.77783
1095	0.69699	0.79447	0.73928	0.81457	0.77784
1096	0.69699	0.79448	0.73932	0.81457	0.77785
1097	0.697	0.7945	0.73935	0.81457	0.77786
1098	0.697	0.79451	0.73939	0.81457	0.77787
1099	0.697	0.79452	0.73942	0.81457	0.77789
1100	0.69701	0.79454	0.73946	0.81458	0.7779
1101	0.69702	0.79456	0.7395	0.81459	0.77792
1102	0.69702	0.79457	0.73953	0.81459	0.77793
1103	0.69702	0.79458	0.73956	0.81459	0.77794
1104	0.69703	0.79459	0.7396	0.8146	0.77796
1105	0.69703	0.7946	0.73963	0.8146	0.77797
1106	0.69703	0.79461	0.73966	0.8146	0.77798
1107	0.69704	0.79462	0.73969	0.8146	0.77799
1108	0.69707	0.79464	0.73975	0.81464	0.77802
1109	0.69708	0.79466	0.73979	0.81464	0.77803
1110	0.69708	0.79467	0.73982	0.81464	0.77804
1111	0.69708	0.79467	0.73985	0.81464	0.77805
1112	0.69708	0.79469	0.73988	0.81464	0.77807
1113	0.69709	0.7947	0.73992	0.81465	0.77808
1114	0.69709	0.79471	0.73995	0.81465	0.77809
1115	0.69709	0.79472	0.73998	0.81465	0.7781
1116	0.6971	0.79474	0.74002	0.81465	0.77811
1117	0.6971	0.79475	0.74006	0.81466	0.77813
1118	0.6971	0.79476	0.74009	0.81466	0.77814
1119	0.6971	0.79477	0.74012	0.81466	0.77815
1120	0.69711	0.79478	0.74015	0.81466	0.77816
1121	0.69711	0.79479	0.74019	0.81466	0.77817
1122	0.69711	0.79481	0.74022	0.81466	0.77818
1123	0.69711	0.79482	0.74025	0.81466	0.77819
1124	0.69711	0.79483	0.74028	0.81466	0.7782
1125	0.69712	0.79484	0.74032	0.81467	0.77822
1126	0.69712	0.79485	0.74035	0.81467	0.77823
1127	0.69712	0.79486	0.74038	0.81467	0.77824
1128	0.69716	0.7949	0.74047	0.81474	0.77829
1129	0.69716	0.79491	0.7405	0.81474	0.7783
1130	0.69717	0.79492	0.74053	0.81474	0.77831
1131	0.69717	0.79493	0.74056	0.81475	0.77832
1132	0.69717	0.79494	0.7406	0.81475	0.77834
1133	0.69717	0.79496	0.74063	0.81475	0.77835
1134	0.69718	0.79497	0.74067	0.81475	0.77836
1135	0.69718	0.79498	0.7407	0.81475	0.77837
1136	0.69718	0.79499	0.74073	0.81476	0.77838
1137	0.69718	0.795	0.74077	0.81476	0.7784
1138	0.69719	0.79502	0.74081	0.81476	0.77841
1139	0.69719	0.79503	0.74084	0.81476	0.77842
1140	0.69719	0.79505	0.74087	0.81476	0.77844
1141	0.6972	0.79507	0.7409	0.81476	0.77845
1142	0.6972	0.79508	0.74093	0.81476	0.77846
1143	0.6972	0.79509	0.74097	0.81476	0.77847
1144	0.6972	0.7951	0.741	0.81477	0.77848
1145	0.6972	0.79511	0.74103	0.81477	0.77849
1146	0.6972	0.79512	0.74106	0.81477	0.7785
1147	0.69721	0.79513	0.74109	0.81477	0.77851
1148	0.69721	0.79514	0.74113	0.81477	0.77853
1149	0.69721	0.79516	0.74116	0.81477	0.77854
1150	0.69721	0.79517	0.7412	0.81477	0.77855
1151	0.69722	0.79518	0.74124	0.81478	0.77856
1152	0.69722	0.79519	0.74127	0.81478	0.77857
1153	0.69722	0.7952	0.7413	0.81478	0.77859
1154	0.69723	0.79521	0.74133	0.81478	0.7786
1155	0.69723	0.79522	0.74136	0.81478	0.77861
1156	0.69723	0.79523	0.74139	0.81479	0.77862
1157	0.69723	0.79524	0.74142	0.81479	0.77863
1158	0.69723	0.79525	0.74145	0.81479	0.77864
1159	0.69724	0.79526	0.74149	0.81479	0.77865
1160	0.69724	0.79528	0.74152	0.81479	0.77866
1161	0.69725	0.79529	0.74155	0.8148	0.77867
1162	0.69727	0.7953	0.74159	0.81481	0.77869
1163	0.69728	0.79531	0.74162	0.81481	0.7787
1164	0.69728	0.79532	0.74165	0.81481	0.77871
1165	0.69729	0.79533	0.74168	0.81481	0.77872
1166	0.69729	0.79534	0.74171	0.81482	0.77873
1167	0.69729	0.79535	0.74175	0.81482	0.77875
1168	0.6973	0.79537	0.74178	0.81483	0.77876
1169	0.69731	0.79538	0.74182	0.81483	0.77878
1170	0.69731	0.79539	0.74185	0.81484	0.77879
1171	0.69731	0.7954	0.74188	0.81484	0.7788
1172	0.69732	0.79541	0.74192	0.81484	0.77881
1173	0.69732	0.79542	0.74195	0.81484	0.77882
1174	0.69732	0.79544	0.74198	0.81484	0.77883
1175	0.69732	0.79545	0.74201	0.81485	0.77884
1176	0.69733	0.79546	0.74205	0.81485	0.77885
1177	0.69733	0.79547	0.74208	0.81485	0.77886
1178	0.69733	0.79548	0.74211	0.81485	0.77888
1179	0.69733	0.79549	0.74214	0.81485	0.77889
1180	0.69734	0.7955	0.74217	0.81486	0.7789
1181	0.69734	0.79551	0.74221	0.81486	0.77891
1182	0.69734	0.79552	0.74224	0.81486	0.77892
1183	0.69734	0.79553	0.74227	0.81486	0.77893
1184	0.69734	0.79554	0.7423	0.81487	0.77894
1185	0.69735	0.79556	0.74233	0.81487	0.77895
1186	0.69735	0.79557	0.74237	0.81487	0.77897
1187	0.69735	0.79558	0.7424	0.81488	0.77898
1188	0.69735	0.79559	0.74243	0.81488	0.77899
1189	0.69736	0.7956	0.74246	0.81488	0.779
1190	0.69736	0.79561	0.74249	0.81488	0.77901
1191	0.69736	0.79562	0.74252	0.81488	0.77902
1192	0.69736	0.79563	0.74255	0.81488	0.77903
1193	0.69737	0.79564	0.74258	0.81489	0.77904
1194	0.69737	0.79565	0.74261	0.81489	0.77905
1195	0.69737	0.79566	0.74265	0.81489	0.77906
1196	0.69737	0.79567	0.74268	0.81489	0.77907
1197	0.69737	0.79568	0.74271	0.81489	0.77908
1198	0.69737	0.79569	0.74274	0.81489	0.77909
1199	0.69738	0.7957	0.74277	0.81489	0.7791
1200	0.69738	0.79571	0.7428	0.81489	0.77911
1201	0.69738	0.79573	0.74284	0.8149	0.77913
1202	0.69738	0.79574	0.74287	0.8149	0.77914
1203	0.69738	0.79575	0.7429	0.8149	0.77915
1204	0.6974	0.79577	0.74295	0.81491	0.77917
1205	0.6974	0.79578	0.74299	0.81491	0.77918
1206	0.6974	0.79579	0.74302	0.81491	0.77919
1207	0.6974	0.7958	0.74305	0.81491	0.7792
1208	0.6974	0.79586	0.74316	0.81492	0.77925
1209	0.69741	0.79587	0.74319	0.81492	0.77926
1210	0.69741	0.79588	0.74323	0.81492	0.77927
1211	0.69741	0.79589	0.74326	0.81492	0.77928
1212	0.69742	0.7959	0.74329	0.81493	0.77929
1213	0.69742	0.79591	0.74332	0.81493	0.7793
1214	0.69742	0.79592	0.74336	0.81493	0.77931
1215	0.69742	0.79593	0.74339	0.81493	0.77933
1216	0.69743	0.79594	0.74342	0.81493	0.77934
1217	0.69743	0.79596	0.74345	0.81494	0.77935
1218	0.69743	0.79597	0.74349	0.81494	0.77936
1219	0.69743	0.79598	0.74352	0.81494	0.77937
1220	0.69744	0.79599	0.74355	0.81494	0.77938
1221	0.69744	0.796	0.74359	0.81494	0.77939
1222	0.69744	0.79601	0.74362	0.81494	0.7794
1223	0.69744	0.79602	0.74365	0.81495	0.77942
1224	0.69744	0.79603	0.74369	0.81495	0.77943
1225	0.69744	0.79605	0.74372	0.81495	0.77944
1226	0.69745	0.79606	0.74375	0.81495	0.77945
1227	0.69745	0.79607	0.74379	0.81495	0.77946
1228	0.69746	0.79609	0.74386	0.81497	0.77949
1229	0.69747	0.79611	0.74389	0.81497	0.7795
1230	0.69747	0.79611	0.74392	0.81497	0.77951
1231	0.69747	0.79612	0.74396	0.81497	0.77952
1232	0.69748	0.79614	0.744	0.81498	0.77954
1233	0.69748	0.79615	0.74403	0.81498	0.77955
1234	0.69748	0.79616	0.74407	0.81498	0.77956
1235	0.69748	0.79617	0.7441	0.81498	0.77957
1236	0.69749	0.79619	0.74413	0.81498	0.77958
1237	0.69749	0.7962	0.74416	0.81498	0.77959
1238	0.69749	0.79621	0.74419	0.81499	0.7796
1239	0.69749	0.79622	0.74422	0.81499	0.77961
1240	0.69749	0.79623	0.74426	0.81499	0.77962
1241	0.6975	0.79624	0.74429	0.81499	0.77964
1242	0.6975	0.79625	0.74432	0.81499	0.77965
1243	0.6975	0.79626	0.74435	0.81499	0.77966
1244	0.6975	0.79627	0.74438	0.81499	0.77967
1245	0.6975	0.79628	0.74442	0.81499	0.77968
1246	0.69751	0.79629	0.74445	0.815	0.77969
1247	0.69751	0.7963	0.74448	0.815	0.7797
1248	0.69751	0.79631	0.74452	0.81506	0.77973
1249	0.69751	0.79632	0.74455	0.81506	0.77974
1250	0.69751	0.79633	0.74458	0.81507	0.77975
1251	0.69752	0.79634	0.74461	0.81507	0.77976
1252	0.69752	0.79637	0.74468	0.81507	0.77978
1253	0.69752	0.79638	0.74471	0.81507	0.77979
1254	0.69752	0.79639	0.74475	0.81507	0.7798
1255	0.69752	0.7964	0.74478	0.81507	0.77981
1256	0.69753	0.79642	0.74482	0.81508	0.77983
1257	0.69754	0.79643	0.74486	0.81508	0.77984
1258	0.69754	0.79644	0.74489	0.81508	0.77985
1259	0.69754	0.79645	0.74492	0.81508	0.77986
1260	0.69754	0.79646	0.74495	0.81508	0.77987
1261	0.69754	0.79647	0.74499	0.81509	0.77989
1262	0.69754	0.79648	0.74502	0.81509	0.7799
1263	0.69754	0.79649	0.74505	0.81509	0.77991
1264	0.69755	0.7965	0.74508	0.81509	0.77992
1265	0.69755	0.79651	0.74511	0.81509	0.77993
1266	0.69755	0.79652	0.74514	0.81509	0.77994
1267	0.69755	0.79653	0.74517	0.81509	0.77995
1268	0.69755	0.79655	0.74521	0.8151	0.77996
1269	0.69756	0.79656	0.74524	0.8151	0.77997
1270	0.69756	0.79657	0.74527	0.8151	0.77998
1271	0.69756	0.79658	0.7453	0.8151	0.77999
1272	0.69756	0.79659	0.74534	0.8151	0.78
1273	0.69756	0.7966	0.74537	0.8151	0.78001
1274	0.69756	0.79661	0.7454	0.81511	0.78003
1275	0.69756	0.79662	0.74543	0.81511	0.78004
1276	0.69757	0.79663	0.74546	0.81512	0.78005
1277	0.69757	0.79664	0.74549	0.81512	0.78006
1278	0.69757	0.79665	0.74553	0.81512	0.78007
1279	0.69757	0.79666	0.74556	0.81512	0.78008
1280	0.69758	0.79667	0.74559	0.81512	0.78009
1281	0.69758	0.79668	0.74562	0.81512	0.7801
1282	0.69758	0.79669	0.74565	0.81513	0.78011
1283	0.69758	0.79671	0.74569	0.81513	0.78012
1284	0.69758	0.79672	0.74572	0.81513	0.78013
1285	0.69759	0.79673	0.74575	0.81513	0.78014
1286	0.69759	0.79674	0.74578	0.81513	0.78016
1287	0.69759	0.79675	0.74582	0.81513	0.78017
1288	0.6976	0.7969	0.74625	0.81515	0.78031
1289	0.6976	0.79691	0.74628	0.81515	0.78032
1290	0.6976	0.79692	0.74631	0.81515	0.78033
1291	0.6976	0.79693	0.74634	0.81515	0.78034
1292	0.69761	0.79694	0.74639	0.81517	0.78036
1293	0.69761	0.79696	0.74642	0.81517	0.78037
1294	0.69761	0.79697	0.74645	0.81517	0.78038
1295	0.69761	0.79698	0.74648	0.81517	0.78039
1296	0.69762	0.79699	0.74651	0.81517	0.7804
1297	0.69762	0.797	0.74654	0.81517	0.78041
1298	0.69762	0.79701	0.74658	0.81518	0.78042
1299	0.69762	0.79702	0.74661	0.81518	0.78044
1300	0.69763	0.79703	0.74664	0.81518	0.78045
1301	0.69763	0.79704	0.74667	0.81518	0.78046
1302	0.69764	0.79705	0.7467	0.81518	0.78047
1303	0.69764	0.79706	0.74673	0.81519	0.78048
1304	0.69764	0.79707	0.74677	0.81519	0.78049
1305	0.69764	0.79708	0.7468	0.81519	0.7805
1306	0.69765	0.79709	0.74683	0.81519	0.78051
1307	0.69765	0.7971	0.74686	0.81519	0.78052
1308	0.69765	0.79712	0.7469	0.8152	0.78054
1309	0.69765	0.79713	0.74693	0.8152	0.78055
1310	0.69766	0.79714	0.74698	0.81521	0.78057
1311	0.69766	0.79715	0.74701	0.81521	0.78058
1312	0.69766	0.79717	0.74704	0.81521	0.78059
1313	0.69766	0.79718	0.74707	0.81521	0.7806
1314	0.69767	0.79719	0.7471	0.81521	0.78061
1315	0.69767	0.7972	0.74713	0.81522	0.78062
1316	0.69769	0.79721	0.74716	0.81523	0.78063
1317	0.69769	0.79722	0.74719	0.81523	0.78065
1318	0.69769	0.79723	0.74722	0.81523	0.78066
1319	0.69769	0.79725	0.74726	0.81523	0.78067
1320	0.6977	0.79726	0.74729	0.81525	0.78069
1321	0.6977	0.79727	0.74733	0.81526	0.7807
1322	0.6977	0.79728	0.74736	0.81526	0.78071
1323	0.6977	0.79729	0.74739	0.81526	0.78072
1324	0.69771	0.7973	0.74742	0.81526	0.78073
1325	0.69771	0.79731	0.74745	0.81526	0.78074
1326	0.69771	0.79733	0.74749	0.81527	0.78075
1327	0.69771	0.79734	0.74752	0.81527	0.78076
1328	0.69772	0.79735	0.74755	0.81527	0.78077
1329	0.69772	0.79736	0.74758	0.81527	0.78078
1330	0.69772	0.79737	0.74761	0.81527	0.78079
1331	0.69772	0.79738	0.74764	0.81528	0.7808
1332	0.69773	0.79739	0.74767	0.81528	0.78082
1333	0.69773	0.7974	0.7477	0.81528	0.78083
1334	0.6995	0.79954	0.74918	0.81721	0.78277
1335	0.6995	0.79955	0.74922	0.81721	0.78278
1336	0.69951	0.79957	0.74925	0.81722	0.7828
1337	0.69952	0.79958	0.74929	0.81723	0.78281
1338	0.69954	0.79962	0.74934	0.81726	0.78285
1339	0.69955	0.79963	0.74937	0.81726	0.78286
1340	0.69955	0.79964	0.7494	0.81726	0.78287
1341	0.69955	0.79965	0.74944	0.81727	0.78288
1342	0.69955	0.79966	0.74947	0.81727	0.78289
1343	0.69955	0.79967	0.7495	0.81727	0.7829
1344	0.69956	0.79968	0.74953	0.81727	0.78291
1345	0.69956	0.79969	0.74956	0.81727	0.78292
1346	0.69956	0.7997	0.7496	0.81727	0.78293
1347	0.69956	0.79971	0.74963	0.81728	0.78295
1348	0.69957	0.79972	0.74966	0.81728	0.78296
1349	0.69957	0.79973	0.7497	0.81728	0.78297
1350	0.69957	0.79974	0.74973	0.81728	0.78298
1351	0.69957	0.79975	0.74976	0.81729	0.78299
1352	0.69974	0.79981	0.74993	0.81746	0.7831
1353	0.69974	0.79982	0.74997	0.81746	0.78311
1354	0.69974	0.79983	0.75	0.81746	0.78312
1355	0.69974	0.79984	0.75003	0.81746	0.78313
1356	0.69975	0.79985	0.75007	0.81747	0.78315
1357	0.69975	0.79986	0.7501	0.81747	0.78316
1358	0.69975	0.79987	0.75013	0.81747	0.78317
1359	0.69975	0.79988	0.75016	0.81747	0.78318
1360	0.69976	0.7999	0.7502	0.81749	0.7832
1361	0.69977	0.79991	0.75024	0.81749	0.78321
1362	0.69977	0.79992	0.75027	0.81749	0.78322
1363	0.69977	0.79993	0.7503	0.81749	0.78323
1364	0.69977	0.79994	0.75033	0.81749	0.78324
1365	0.69977	0.79995	0.75036	0.81749	0.78325
1366	0.69977	0.79996	0.75039	0.81749	0.78326
1367	0.69977	0.79997	0.75042	0.8175	0.78327
1368	0.69978	0.79998	0.75045	0.8175	0.78328
1369	0.69978	0.79999	0.75048	0.8175	0.78329
1370	0.69978	0.8	0.75051	0.8175	0.7833
1371	0.69978	0.80001	0.75054	0.8175	0.78331
1372	0.69979	0.80002	0.75057	0.8175	0.78333
1373	0.69979	0.80003	0.75061	0.81751	0.78334
1374	0.69979	0.80004	0.75064	0.81751	0.78335
1375	0.69979	0.80005	0.75067	0.81751	0.78336
1376	0.69979	0.80007	0.7507	0.81751	0.78337
1377	0.6998	0.80008	0.75073	0.81751	0.78338
1378	0.6998	0.80008	0.75077	0.81751	0.78339
1379	0.6998	0.8001	0.7508	0.81752	0.7834
1380	0.6998	0.80011	0.75083	0.81752	0.78341
1381	0.6998	0.80012	0.75086	0.81752	0.78342
1382	0.69981	0.80013	0.7509	0.81752	0.78343
1383	0.69981	0.80014	0.75093	0.81753	0.78344
1384	0.69981	0.80015	0.75096	0.81753	0.78346
1385	0.69981	0.80016	0.751	0.81753	0.78347
1386	0.69982	0.80017	0.75103	0.81754	0.78348
1387	0.69982	0.80018	0.75106	0.81754	0.78349
1388	0.69982	0.80027	0.75123	0.81754	0.78356
1389	0.69982	0.80028	0.75126	0.81754	0.78357
1390	0.69982	0.80029	0.7513	0.81754	0.78358
1391	0.69983	0.8003	0.75133	0.81755	0.78359
1392	0.69983	0.80032	0.75136	0.81755	0.78361
1393	0.69983	0.80033	0.75139	0.81756	0.78362
1394	0.69983	0.80034	0.75142	0.81756	0.78363
1395	0.69984	0.80035	0.75145	0.81756	0.78364
1396	0.69985	0.80036	0.7515	0.81757	0.78366
1397	0.69985	0.80038	0.75153	0.81757	0.78367
1398	0.69985	0.80039	0.75156	0.81757	0.78368
1399	0.69985	0.8004	0.7516	0.81757	0.78369
1400	0.69986	0.80041	0.75163	0.81758	0.7837
1401	0.69986	0.80042	0.75167	0.81758	0.78372
1402	0.69986	0.80043	0.7517	0.81759	0.78373
1403	0.69986	0.80044	0.75173	0.81759	0.78374
1404	0.6999	0.80046	0.75177	0.81761	0.78376
1405	0.6999	0.80047	0.75181	0.81761	0.78377
1406	0.6999	0.80048	0.75184	0.81761	0.78378
1407	0.6999	0.80049	0.75186	0.81761	0.78379
1408	0.69991	0.80802	0.76215	0.81762	0.78906
1409	0.69991	0.80803	0.76218	0.81762	0.78907
1410	0.69991	0.80804	0.76221	0.81763	0.78908
1411	0.69991	0.80805	0.76224	0.81763	0.78909
1412	0.69992	0.80806	0.76228	0.81763	0.7891
1413	0.69992	0.80807	0.76231	0.81763	0.78912
1414	0.69992	0.80817	0.76261	0.81764	0.78921
1415	0.69992	0.80818	0.76264	0.81764	0.78922
1416	0.69992	0.80819	0.76268	0.81764	0.78923
1417	0.69993	0.8082	0.76271	0.81764	0.78924
1418	0.69993	0.80821	0.76274	0.81764	0.78925
1419	0.69993	0.80822	0.76276	0.81764	0.78926
1420	0.69993	0.80823	0.7628	0.81765	0.78927
1421	0.69993	0.80824	0.76283	0.81765	0.78929
1422	0.69994	0.80825	0.76286	0.81765	0.7893
1423	0.69994	0.80827	0.76289	0.81766	0.78931
1424	0.69995	0.80828	0.76292	0.81766	0.78932
1425	0.69995	0.80829	0.76295	0.81766	0.78933
1426	0.69995	0.8083	0.76299	0.81767	0.78934
1427	0.69995	0.80831	0.76302	0.81767	0.78935
1428	0.69996	0.80832	0.76305	0.81767	0.78936
1429	0.69996	0.80833	0.76308	0.81767	0.78937
1430	0.69996	0.80834	0.76311	0.81767	0.78938
1431	0.69996	0.80835	0.76313	0.81767	0.78939
1432	0.69996	0.80842	0.76317	0.81783	0.78947
1433	0.69997	0.80843	0.7632	0.81783	0.78948
1434	0.69997	0.80844	0.76323	0.81784	0.78949
1435	0.69997	0.80845	0.76326	0.81784	0.7895
1436	0.69999	0.80846	0.76329	0.81785	0.78952
1437	0.69999	0.80847	0.76332	0.81785	0.78953
1438	0.69999	0.80848	0.76335	0.81785	0.78954
1439	0.7	0.80849	0.76338	0.81786	0.78955
1440	0.7	0.8085	0.76342	0.81786	0.78956
1441	0.7	0.80851	0.76345	0.81786	0.78957
1442	0.7	0.80852	0.76348	0.81786	0.78958
1443	0.7	0.80853	0.76351	0.81786	0.78959
1444	0.70001	0.80856	0.76359	0.81788	0.78962
1445	0.70001	0.80857	0.76362	0.81788	0.78963
1446	0.70002	0.80858	0.76365	0.81788	0.78964
1447	0.70002	0.80859	0.76368	0.81789	0.78965
1448	0.70006	0.80864	0.76381	0.81793	0.78971
1449	0.70006	0.80865	0.76385	0.81793	0.78972
1450	0.70007	0.80867	0.76389	0.81793	0.78974
1451	0.70007	0.80868	0.76392	0.81793	0.78975
1452	0.70007	0.80875	0.76405	0.81794	0.7898
1453	0.70007	0.80876	0.76408	0.81794	0.78981
1454	0.70008	0.80877	0.76411	0.81794	0.78982
1455	0.70008	0.80878	0.76414	0.81795	0.78984
1456	0.70008	0.80879	0.76418	0.81795	0.78985
1457	0.70009	0.8088	0.76421	0.81795	0.78986
1458	0.70009	0.80881	0.76424	0.81796	0.78987
1459	0.70009	0.80882	0.76427	0.81796	0.78988
1460	0.70009	0.80883	0.7643	0.81796	0.78989
1461	0.7001	0.80884	0.76433	0.81796	0.7899
1462	0.7001	0.80885	0.76436	0.81797	0.78991
1463	0.7001	0.80886	0.76439	0.81797	0.78992
1464	0.7001	0.83347	0.76442	0.82178	0.8028
1465	0.7001	0.83348	0.76445	0.82178	0.80281
1466	0.70011	0.83349	0.76448	0.82178	0.80282
1467	0.70011	0.8335	0.76451	0.82179	0.80283
1468	0.70011	0.83351	0.76454	0.82179	0.80284
1469	0.70011	0.83352	0.76457	0.82179	0.80285
1470	0.70012	0.83353	0.7646	0.82179	0.80286
1471	0.70012	0.83354	0.76463	0.8218	0.80288
1472	0.7002	0.83367	0.76502	0.8219	0.80303
1473	0.7002	0.83368	0.76505	0.8219	0.80304
1474	0.7002	0.83369	0.76508	0.8219	0.80305
1475	0.70022	0.8337	0.76511	0.82191	0.80306
1476	0.70024	0.83378	0.76525	0.82211	0.80317
1477	0.70024	0.83379	0.76528	0.82211	0.80318
1478	0.70025	0.8338	0.76531	0.82211	0.80319
1479	0.70025	0.83381	0.76534	0.82211	0.8032
1480	0.70029	0.83382	0.76541	0.82217	0.80324
1481	0.70029	0.83383	0.76544	0.82217	0.80325
1482	0.7003	0.83384	0.76547	0.82217	0.80326
1483	0.7003	0.83385	0.7655	0.82217	0.80327
1484	0.70046	0.83393	0.76566	0.82245	0.80342
1485	0.70046	0.83394	0.76569	0.82245	0.80343
1486	0.70048	0.83396	0.76573	0.82246	0.80344
1487	0.70048	0.83397	0.76575	0.82246	0.80345
1488	0.70051	0.85092	0.7658	0.82249	0.81175
1489	0.70051	0.85093	0.76583	0.82249	0.81176
1490	0.70052	0.85094	0.76586	0.8225	0.81177
1491	0.70052	0.85095	0.76589	0.8225	0.81178
1492	0.70057	0.85101	0.76594	0.8226	0.81184
1493	0.70057	0.85102	0.76597	0.8226	0.81185
1494	0.70057	0.85103	0.766	0.8226	0.81186
1495	0.70057	0.85104	0.76604	0.8226	0.81187
1496	0.7042	0.92308	0.83465	0.82993	0.85978
1497	0.7042	0.92309	0.83468	0.82993	0.85979
1498	0.7042	0.9231	0.83471	0.82993	0.8598
1499	0.7042	0.92311	0.83474	0.82993	0.85981
1500	0.99996	0.99986	0.99959	0.99998	0.99986
1501	0.99996	0.99987	0.99962	0.99998	0.99987
1502	0.99997	0.99988	0.99965	0.99998	0.99988
1503	0.99997	0.99989	0.99968	0.99998	0.99989
1504	0.99997	0.9999	0.99971	0.99998	0.9999
1505	0.99997	0.99991	0.99974	0.99998	0.99991
1506	0.99997	0.99992	0.99977	0.99998	0.99992
1507	0.99997	0.99993	0.9998	0.99998	0.99993
1508	0.99997	0.99994	0.99983	0.99998	0.99994
1509	0.99997	0.99995	0.99986	0.99998	0.99995
1510	0.99997	0.99996	0.99989	0.99998	0.99996
1511	0.99997	0.99997	0.99991	0.99998	0.99997
1512	1	0.99998	0.99994	1	0.99998
1513	1	0.99999	0.99997	1	0.99999
1514	1	1	1	1	1
